449.4306520808704
215.5324200950455
319.202460884516
139.88156267689314
1091.2554826913592
187.6683791117764
574.9504453954569
124.9661384102422
1085.439205811134
965.2238031618023
585.0030025818166
313.0062807476799
913.2207185824267
784.4123001786604
455.99137203348863
816.818248763883
963.026152159567
494.44435866172125
624.5838100642902
100.65354300990339
485.35871056235646
526.3553324249331
471.5860889322824
745.4942419490044
792.2648902360904
658.0838098179104
943.2069721136063
308.9537459679543
580.3139909621412
942.2858382329532
863.6010820632707
439.72553886433144
624.1916324281042
320.5973000337249
631.591063453692
829.3742821247544
987.4221804647937
386.53314645924746
1034.509334806811
288.36495957781176
327.39924976449566
478.9386535066022
983.3895181233943
218.57724675670056
833.8169066423018
788.8846812016186
1076.2761722558025
1021.1541779703697
832.7589173514987
445.1252307615603
1030.2105642109013
526.3853176642733
113.11727355111103
606.7124311174907
187.4897889997822
361.4268290942976
587.67496220224
436.090210300243
498.0847602277208
282.01149473918656
988.1022476955095
451.96516604671814
607.642539782845
885.9042021967699
911.2800927452768
168.47877203660926
939.2867284682667
798.70949260018
683.7778227541025
115.68267730693196
947.4694486830574
376.7392937936829
191.97653899383351
306.0443787935989
1043.4169244671764
207.00076371097956
1037.2439169746199
962.6881131385265
1044.2500236572873
200.96568435772824
118.72979837330102
857.3014005638768
381.6501496591194
876.6342076250418
1020.7664558503086
919.1150060423226
720.9798097473779
502.5075121948021
387.5209259706388
871.090329963046
1088.0565941991545
137.43540058737995
804.461497125607
525.4247282108831
1078.3177007363615
241.90664299420942
574.3639077410542
1027.711900633663
231.902064894334
459.2009019491879
174.9973648344149
777.5712325668401
198.2154351000647
368.92342038547446
116.29413739198094
973.2862005662513
884.8333267656407
500.79440457033076
376.7210310204651
728.9687485539837
388.13551210963453
663.167237548248
591.7344088198652
494.9931591508685
136.85504182760525
688.6007997554846
691.6152557354951
1075.9191337322777
344.7636335553701
1027.913069338962
741.644422468037
884.8508203003948
565.0044198692025
234.4942905996387
324.4922098746638
199.15485579635754
866.1221379153945
272.26027203594896
922.8605676584635
1089.6870726539364
908.6298785588602
753.4769893671955
409.8305608314869
384.15398569371007
990.9904951866401
666.7901254428034
935.0314204721197
494.9619421055083
955.1799692182109
891.1442147367662
206.66155926722453
192.88337762776777
694.5391280360116
807.8778060535113
412.55627802431394
440.0957972914279
890.4087985321926
621.1325743586087
797.9108760089948
209.62633466572802
519.083067073453
575.815780109188
222.9317440266121
812.9604913251916
616.9041652872291
122.70736893177438
860.6021520546391
633.5510772973627
768.8612067158838
221.90413388659627
562.9137684380855
321.1891703928801
794.8448137684478
398.64521698339274
323.32867542248835
440.67603799314736
147.74791531289003
869.6647182895762
693.9006552864236
287.9611988031582
608.892806840827
1043.568578118192
977.3993489897316
1087.8884704713287
968.802922465326
965.3349156562011
507.94348033674066
1069.9184898984581
515.1274874004595
822.8879323596543
358.06523639766556
981.6725531844502
314.56582742578314
462.7975109720202
365.79024480190395
444.86943165109284
471.9271727818524
972.5082560980017
462.23290232159025
184.20312555766762
777.001501689367
778.1027361725227
898.3700950135014
566.9365100863722
408.7048347406145
379.4559769495015
119.07088633769483
1079.4614972596987
656.0027222131599
798.7391261873777
713.123509564184
336.80428874304727
936.4040213561607
1053.5824147429416
1079.9153404201825
972.0293572800232
745.355958195521
482.80871151719896
196.5851191166265
284.7235269381888
553.6613852324901
550.500256016209
143.88145987362302
841.217334851892
1085.077042734373
833.2637596900965
854.6250380381008
313.9279832881168
852.5418582748351
255.90913629405156
885.586462062299
723.1841123348888
309.0224809322749
282.36037432192734
881.7553656053252
902.1200076274527
477.75281506849336
691.4667061665999
801.3909439072103
443.7025452390543
466.6831183168481
771.4859033571825
900.9076539821955
608.6813858215253
843.2435855126046
252.36118838450287
940.5642309514718
674.2291439897376
448.0659732984198
1061.515994205652
1065.0879634621601
985.265235140396
860.0964128660273
1036.7420776617405
337.7805117118663
533.9327989204733
390.57092028054797
1058.857703459414
962.3155033435216
237.42588407631374
179.6151806051728
677.1648041374478
813.3517948003816
210.33943836917703
696.7680196947114
192.33495339071084
1015.2513820718764
234.9422437002199
705.5181458119823
334.2059600337524
957.6037002225293
321.24852371670386
541.9821294207647
126.07243744145259
316.92330855578456
718.4915075815674
379.14086093087474
262.40496261502113
365.80090464723935
990.5778402750592
1000.5908695359244
343.5343786636177
1093.9529396532357
800.3291120501692
491.5557674820094
608.6889988546806
440.02782737203387
860.792718832304
169.9422395777578
387.8743550800053
238.69185729603262
106.63127973427613
1026.5142933924044
353.436640627267
324.43139913001266
514.5760052004207
920.7979379122011
793.7522010438315
601.6724008630822
159.15642833088975
788.1182430060571
554.3374154161247
790.2317165291955
1028.394949826075
153.20915177865425
995.7747871624945
985.7798076562918
843.8817153884456
317.12616987358024
303.20250528757254
136.90711879694774
630.6214614704136
686.7303237107956
748.7162482797451
1033.5517902325137
1064.270919101485
849.8014692284307
1055.8837920667318
425.9597056868685
686.861636247518
163.87787897200235
844.6744695321682
449.0116979714316
926.829799237583
823.2080367124404
245.45678654428386
613.6678704737767
485.151147588675
595.7396506720166
162.3197203491771
245.44169710663544
1056.6055330769173
680.8601184990185
338.82402635000096
399.2317402343
543.6725946866056
428.6415029160069
333.39197074094386
960.5021836550044
890.2860054063027
982.6322962342779
746.8953222379256
854.7179259753478
413.65098520488266
260.7772835334333
561.6028766010166
1030.1035281955171
1044.5556145032997
1072.8359264706537
248.50058060227235
153.20997399687698
200.08381488511998
587.7084502756753
379.09872249888537
762.4366128017685
107.36363392253558
810.3685219056504
838.1920960589903
961.5704516646505
272.9618080784611
205.63959888737918
375.64095688976073
603.5682218264117
449.761382237925
114.84198431835226
158.09201956031774
314.22133465088064
891.6365508659504
151.37597617016144
185.65988551050975
636.0077095888955
905.964486422081
332.5960647576222
923.9416798104288
1034.3484127516206
714.9915203785672
307.8696311267194
268.3384186593314
501.65107371994947
419.2966027753127
676.5035047670107
1005.5087242198258
1018.9365527021487
420.0724663100275
1054.2598775220533
265.8817734042452
190.50868585082674
1001.6705905128608
243.472735011399
1071.5083026811608
954.0416170555962
901.8335215732603
589.3149221155272
975.1293633163026
386.62299466527287
604.2636434837948
363.554726651429
959.1949235058111
276.70540815948544
776.6553184686317
807.1804585603425
217.6653802696207
312.58244555165436
747.0424123831287
284.55998358945203
178.7807801208026
449.92008449594067
162.2913159514682
854.341656541057
143.5841295407956
264.03779031217744
1004.7946303811578
446.09208466853636
212.8369617985626
867.0480533417895
956.8986218175328
746.704830433464
754.0662427701864
275.62711312302304
697.323147871704
846.9040545209077
520.8340399230949
952.1036156509631
1089.8095079434265
675.7049860894648
677.9224037123287
609.715843059872
381.4589414173374
259.48359216775077
408.97776506222687
272.3028216008303
466.69982044418117
882.345388470215
487.2604356664905
1009.3578335134897
992.5492484624194
295.77366703474786
175.49668672447996
729.2875668357144
581.8108479634641
228.0756691051489
1087.4322439535965
906.8840246790024
733.0769235054589
577.934593441666
191.5375428289298
145.43018668354847
1019.8803805720859
841.4144596379675
966.416872112465
1029.5247321906318
1056.0674578742687
518.053787756566
827.8248805893148
811.6250179631779
320.4397385570669
469.2229288761599
338.7956510915261
1093.4718173151985
340.93988545528646
460.70962474674775
387.2409421052747
812.9728950856198
927.1325110275344
411.535425671986
469.4760055827664
527.7872213604184
109.45771104673909
192.295560064104
453.48247752765593
198.76507241852926
194.71183577377207
168.85355289742367
712.3201426432289
419.56372483052854
879.4362699515333
1071.010629923193
315.9501689134761
313.17251726544373
676.3718336458205
180.80982268694336
1048.834508747981
121.74455554629817
1003.8625884243248
281.42278548234094
381.02742449503205
853.0473560016942
164.06997673388992
285.1072405623575
162.07679921342356
215.00787762531706
1093.0841759403881
967.5113294482833
729.9045021502257
469.2420377389468
204.49641339891292
775.6409462618625
330.9363539807864
765.1224949669712
867.7228561536467
248.09436852226798
233.10431201666017
977.8530055108455
1063.3463514326672
188.70828123926623
679.9443884225614
1067.1809725013536
539.9700302585791
368.5479738912252
881.8661178069013
497.79489383713116
360.55214079398394
196.21349261190292
569.7702135366818
318.1164268901325
1070.9193678646545
492.7230453383138
246.5433601075856
1081.111573272135
849.1308964301506
234.77331686335802
163.55982713597174
908.9093613019793
901.5935947694926
888.9661762956757
222.17200748428502
652.4301874548887
1060.3041610689943
749.6296456289272
454.2729037378083
277.8905649825789
1005.3211119690812
514.1506420735807
471.36544260797456
323.96454051965384
787.5459029761693
182.27556902399112
288.17481063067646
516.546519297051
359.1192121487976
249.62415876607903
224.69228177442903
402.4740772416602
632.2147301649445
1080.7011702065904
169.6393127441114
169.23348742699798
181.7396056418197
292.97915508773497
348.693500110847
654.5846871169836
1083.427040736112
961.1650611605725
882.4188992725144
918.2065878389751
536.033163659707
459.55215248749437
841.6947020474813
646.8775225972931
854.8271323963412
800.3980706434991
212.53838722875253
1095.369931849053
143.28941941838738
397.5584353785139
167.57025952586415
227.15214463478065
450.91040223672996
287.14534995717133
307.9685188111947
212.1543712694253
507.20754869980635
970.7680778387837
1087.6153139835978
463.2702677143902
185.55614410762257
211.95315102276413
460.2354685304135
948.9287799995404
695.1550633764781
312.6299184033038
900.6819250030431
605.9862759676299
125.4259927150544
624.106341252753
343.12259699959475
295.3514229982919
374.37014222706824
305.74940774161314
251.7355777307151
892.1709539084377
680.8844100161853
634.6231704719462
993.6208814249459
783.0673439503247
950.7641678463729
490.6267345769184
918.9884586145878
254.83417870228743
817.0973151931461
994.2134065338688
1070.2840542263407
1002.158421920541
907.9806249458248
657.5614601144263
239.7655551039253
256.35368061068186
107.96530593672485
825.1059600040398
174.14470846113863
842.751856946508
694.3666084729246
625.6299396752538
1085.2599069024532
811.315119333319
105.54738605480077
135.65268825109547
267.3478857691514
153.1938466215629
755.5130893951476
962.6417096494583
544.3334145967776
515.3706350441406
747.6319377095977
996.6139554249155
474.6579063227997
756.1942508712169
560.0203430389157
649.9811259151425
726.5190340619641
646.5214273173563
776.110726638794
508.0328398283826
802.9952917765581
1014.3488505134629
716.144754884412
946.2405286947214
344.38118714927907
155.23109605655617
388.8124327953994
935.6039004380575
564.1595481503099
386.4452128724274
526.9831181341829
953.5511529400851
985.3901202004566
209.77563289913306
597.4519343456949
645.4427607810516
535.8941753529714
665.9584645621629
581.8509434301097
640.5180815694819
233.46679502433588
113.23664074693498
1014.3515170851767
716.1629062111143
146.45043769081258
843.1433944919584
231.51061936521458
325.66528928450424
1050.3542748482291
658.5437071482708
1040.5903042670268
357.16578142786636
217.8057330756066
782.1288668349954
1044.9062645398449
875.2974989730973
1076.9722718362505
237.97251663277143
678.2382055629224
512.0505917327779
1052.692968617167
154.4209744623091
595.0607745325774
119.68442904039125
764.9106026201326
273.5046351748105
439.33062799664214
276.04997682220505
900.5974434170786
320.2211435518817
171.79210570106096
241.47431013547308
498.218270588821
784.455425227115
1074.2399420964762
1006.3976700384434
1087.8770278499899
1098.9654038079868
268.9043513372027
140.24262959550782
115.64397353643865
158.77632997407488
1092.1004750981197
254.5347961668516
347.16231151262934
620.4911169570021
943.5103615192749
1027.0821550608794
493.4848224701395
444.43751585980607
295.9427636737405
899.060555621552
131.19254637981282
698.237415207711
395.14187196727715
753.1410225972054
1099.1988541106002
727.2976559328575
805.193577248572
108.33395555834215
946.2442287109609
415.8855305835997
362.30345365988074
626.014605501774
675.9383389535107
411.8664630830076
288.1979435696279
1011.6325369230036
990.3078407725883
868.8453487715597
184.12662849889585
717.8977479645747
468.15940036958506
471.3667929649418
377.4194417187311
207.77452700563896
631.1696778766694
251.99439074624243
624.7803808232034
919.4034299387623
648.4648348527463
983.5020523441294
489.97476326644795
490.11077629115863
509.554527669505
735.0755483638959
808.2940896831266
242.9542909285363
855.8358947631647
518.3357401102705
526.1592910468657
416.7922907783598
302.4857173890565
817.1596356238981
861.4494171509901
129.65302689520456
1005.4095287940306
194.6887598360826
168.61942057831948
605.2200538338425
432.01863130150423
101.57926805633224
112.39740854683691
763.5380805388392
779.957340697646
471.46124917041243
754.8282320489758
879.5832989304972
254.5041320786079
682.7400499774335
942.65667675338
647.1309595312529
463.22242622358283
990.2848406149252
945.5204837615377
650.3922493339724
515.5378318644314
586.2155895218302
640.149410786898
942.181163373455
1025.2703413539157
1035.911838203034
661.7436169123664
154.91185116530428
105.7518628598504
953.5323584463146
850.9311180510539
329.51510560737455
620.0104884481465
430.74741089483797
1013.1803328173518
437.4025382548641
402.6050112170162
913.0507601518713
477.2705349665414
391.89542183694374
905.0442255368923
929.931130744539
190.3997677359517
198.07453286405763
733.3277374123257
328.34866878786033
119.73578676689203
773.7966256052385
843.9957991124385
433.3740088081697
543.6929083621205
889.6615493265806
744.1781331545837
865.5136315217293
410.94329820857433
622.003718649601
901.4824429081322
581.1574537056499
321.14883354929214
690.5205760490211
711.1653305463299
1070.7500787945346
838.6253050177171
1060.9395015146074
790.8800335873616
548.7002238486186
788.6278500212296
233.16375938480073
1077.396286895143
399.70754838113635
905.6728030977165
706.6275114197718
185.04016154635775
108.09967158818824
704.2879660748783
217.1285060277042
752.2023342330284
389.9365884503092
724.809494747416
473.19616199849315
1050.1153281265279
272.053655767871
370.3206741694847
285.09240113369356
957.2019608330802
417.8782038826021
395.5536508705049
175.8307212324937
512.6481646934619
1086.7692048689905
734.5527024749548
791.1389172562252
654.4556996914673
731.7932502708717
761.1234856787268
684.0794100034155
420.0811688114842
390.26419547511574
264.5694157010741
340.080310138091
841.8696583191602
702.0380496432513
392.94301502360975
629.419609385307
1004.8429945319207
602.4684635189587
567.0167115450738
226.74372859906515
251.00366166898925
480.0924907724515
900.4038383971144
920.9906453641834
312.16769516640977
863.5303671691154
974.7372793436836
154.12722513502
232.44069900465195
507.7467316489609
913.539942395785
573.3992657682638
301.80326103722837
1086.7353156776344
574.3975829794149
859.3314187963136
863.8734006680952
567.8528787407499
336.27103274402225
600.5041961386814
783.7652321777724
742.4421414847654
397.2617997056644
526.1733106965946
566.0642728047947
318.04788727692136
717.8710530868085
979.0859861818162
598.2923468733545
439.4440310675495
745.7690545886417
113.38865192033956
761.835423453938
498.85390071571334
840.3181948596298
936.3081237511152
700.1599091579095
620.1598247733704
878.5700406696761
977.3287457820792
363.2447092287085
257.5621916779133
869.1822741349602
1064.8762314965784
1057.5072773632235
936.0622744652662
526.6794017988136
418.05822576666077
122.10384972916357
279.3071683752496
665.7061150291808
1019.8010027548095
525.3358646414374
119.74925548463492
963.4001396066094
1027.7599220715006
128.99519304374365
666.7365268584305
107.73698693265268
800.6715502567753
103.83376298479654
420.06445470290157
600.6761160912232
970.353127112175
995.9432680777717
759.6837970475622
517.1643849695282
873.3451744034658
241.6832997070071
916.6733300021123
334.5291591568849
571.2314995721749
507.89738238188767
336.2496385410964
541.5203872145344
634.9599490151141
1094.5076900642407
280.5013174414346
112.23679042677028
846.026835401785
778.1814980763237
886.6980522096524
1087.3989153262164
976.1761983593922
898.6131322330474
796.4396269641124
443.907030512292
847.3049676986558
193.06759238990105
901.5737816144775
153.35003526632542
944.5534198264379
870.1826647854106
714.7257891663744
831.1063085124252
958.1000313256079
680.6289067730089
365.4471969167629
659.9056620177461
762.9684503846436
290.0776783927904
247.40442064270985
335.1968936721714
511.1933914511423
1089.0291197400902
897.6927937565446
624.392767717739
706.9817068565461
684.4039308906092
776.2750500540469
758.0401516452613
363.0434048129678
709.403839950316
231.70772642727835
278.1905688776062
595.0570820819096
260.99763706006064
1088.7328524128573
157.72158880478185
301.2723799452476
228.49074525461734
973.9763811649483
974.0877101491689
895.5424089637294
1011.9884748081149
707.9088133567582
671.9542478171535
414.6168083123272
646.1642352265314
834.3876398457948
981.3958234516147
704.3162011241172
142.5953845764081
633.5153869714707
871.8164998795258
804.2473145460308
943.0315264020603
769.2105940423647
516.4757108871061
1097.0072766919902
736.3114448663408
1059.8039826701906
118.4806701761473
265.36452438916206
533.2456181617454
728.1352479732574
606.3322992907038
609.693309225654
816.6344234173934
887.0405458559094
645.5885047008778
817.9768738591973
787.6920212272497
