354.3196237375264
849.5062598502086
465.0031882091781
985.3081933119483
478.45043585127416
968.227403454635
951.7618284033107
791.7599521288134
140.55934408391624
860.5352073143893
1059.1576308197618
1000.9175144507481
435.69402906625845
505.58419756771735
932.1374594278955
548.9202939449938
810.0892855555445
606.93472228962
364.66599148302595
283.7622573873474
128.52080547405888
527.4930080834171
352.35327443537403
155.01029186798854
211.32896059299048
895.789243077906
761.06892354215
508.40871451192396
892.7794517153533
574.1760177169607
513.3072584376399
186.20587725704854
329.1842559868864
239.0996702690137
948.9497038601289
396.7346850694047
368.21542102851146
1039.4176203650704
178.20441274423752
735.7234158764306
280.10076813630803
670.804617816797
311.88507541078786
317.0095144994041
1046.8994687241097
732.61162459849
427.82434116402436
701.7731119605044
707.8127400773318
418.11107156488725
1012.0997544474562
203.1036640995183
966.4925203966579
429.88281442411113
399.8829528204303
186.65733247236884
380.5693909727207
509.16495929057305
433.10579037456057
188.35873324463861
974.1284121074074
121.31465474803484
150.76978449260005
1026.5454313023788
1040.6192701884195
649.0936748805871
832.608044678485
598.6495902771312
236.6954047474661
911.314262143936
127.94191267819079
721.4557330062754
806.7341956798213
946.4511724663355
318.95693979005716
199.16942254183903
923.2979894633454
779.1455566401363
991.2560104441804
284.9766507100918
680.5541911244486
322.09730805383936
514.4300199064909
839.4693691313331
235.67989380474486
656.6624825395546
771.519496909713
783.2575754297887
957.5342290153725
682.5424691590149
518.6231244678531
891.2837330798845
212.3901258516673
530.2728489074913
604.5422673721115
582.8011314531777
593.2743357130421
189.7886558935035
1035.232947283887
123.67201188849
982.4725710998982
524.1646851919962
528.9701679869243
576.5879640233111
826.0144393645558
209.6986277063826
775.5116702475492
910.0091678025158
394.4610166148431
171.825774370486
1086.1813528358455
908.0652739912857
606.0747641794042
770.9239886543255
501.6754520816732
911.3553394713906
196.46054191585375
332.8881175263271
710.5270374706635
962.5303178317017
633.0233531363947
616.4235497340597
323.54769202311553
630.7359768276568
193.09648799936053
462.3281636124069
148.19758560140187
645.440303755565
1051.3520068985245
179.60344464671942
111.71831989957573
482.86417450951706
1055.1124729541666
189.0544465466989
392.9954653685508
217.17968624703224
105.4416175134846
1067.10994264717
140.50065090163423
273.83582058573467
707.3985240161901
410.91344104510097
877.296064021614
203.81625250588735
304.5984156445595
880.3063975949992
323.96655731629966
235.32952217154204
471.2306380538151
363.1454357987495
906.4778750921301
153.37733839827553
898.9421918659922
457.465478025925
658.3419053065437
1007.8417533310607
386.50308620029864
367.3210193342459
575.1030841362954
257.1771725168088
716.927824503065
868.7080801074155
734.0426290235039
217.48922410778917
389.7344840517524
217.79001441690497
653.1299255743154
105.72676790895987
665.281494925929
745.7199863408848
430.63366580731343
540.9093258605978
273.6292635221099
412.67386611739323
180.43794846032182
1098.757650647498
442.1324086873744
778.2775452143835
157.99102790569333
402.78973532537054
603.975277200956
686.4324625850982
757.9477350733356
278.8906138338873
264.1219473059551
459.6139487582187
256.9491674110375
700.5591129139196
1019.6594618782722
551.037339872332
773.6158748869863
608.4805701415642
658.2708083143433
412.65672010574144
422.7140961096425
200.7691506558701
591.5820313116533
802.7817655649716
1051.586715456725
959.1691906789117
619.3857976040014
879.1683828925097
264.3240965688483
501.70032997823023
166.2511174494701
201.7593321886755
662.7822664769487
333.6760829038851
683.7875245900456
203.82091714548946
363.4390002457999
706.7215329696376
869.8387399674634
781.042456666527
885.211160148586
1089.3600836113947
720.1399862245543
395.2357723298165
445.7392207430867
202.93577046644884
198.47944963754196
492.5915301781572
552.2781707694255
183.08185930965726
488.16358095483696
1096.020362579755
528.2160916896744
189.64247608146803
370.5928457612311
146.92655428045134
277.37550216154585
706.8989355212066
266.0125461054996
543.8323900982806
155.63434719509843
851.1480558177744
867.0114696487408
853.5920150904714
293.0370105720054
234.12457829276792
1097.0983821325626
355.5032421268828
1089.4483912128815
318.4558948970855
334.69486459416544
419.44668982966806
892.9366536175289
745.2816419991132
457.1400709639514
216.25178511828227
1062.4534098279812
814.3669228492497
279.81146078997557
411.8091598817575
715.0125638773525
153.48268006522773
392.22285304029504
806.0197046561042
462.452443813009
626.5221098556568
225.96936620395994
843.4907023115934
353.9976130218705
698.7676636599024
428.6463777209313
544.9596178966558
1058.2209895580863
802.9180624483866
263.3774014868098
686.7466394712127
1041.638230159694
730.9303442147651
805.3438054045373
990.1073678471724
131.05023826849884
714.4271288107876
164.7172736689906
673.1772598468445
382.88224343321644
650.3647314817332
829.6527281833526
965.2696144969698
625.14994784031
878.8529657144676
493.50886001444195
1086.6098293573127
386.31739678658516
1026.4627602358037
407.2196289414403
756.1579309501901
180.1926906074436
691.0531934052259
380.7490721066596
505.99279880704165
277.1414524972116
163.09460988558192
1046.818827672343
952.8008995561916
159.28028510588257
953.660083022329
895.6060554678604
705.3333616256466
830.9453451301982
630.7025936362768
890.8670910341959
771.2650660089811
1035.6139836851412
352.93064209333727
185.9497684814914
167.70986247809097
216.59054337597652
534.5403124355553
572.415546821644
936.716477379736
751.1493656736865
274.2573630638514
814.5002116310453
920.3899799093919
586.4620183753095
538.5877742801516
949.399580183734
459.85358009743015
910.5175004778881
601.8708886456761
966.3746712004075
648.0863996746936
902.3777738262762
914.6744050816221
1016.9285842351205
888.743062280578
923.4933228705905
397.26580678870687
453.8150472830237
291.380611346048
735.4364482361013
136.34042070114128
548.3963536484664
868.089796414723
459.2927624971437
600.8808067082947
693.8766227945296
587.3466566054304
1028.0842351850893
786.9686130116003
266.1934946864807
1087.9720271944275
825.9796965148608
151.56449072978086
1084.859633908777
259.40572258565
1056.682102974305
801.7171313556121
592.8033033631416
954.0732510970352
138.2638427106402
168.35818514066628
457.2645143241583
813.4429690844285
1082.8549693061918
312.78481306878683
283.06195620133104
561.4417760447711
386.97138471903895
1089.126724437141
525.0525537597745
147.21786299291708
431.9036559075803
617.5404714513246
488.36475584906793
803.8095492834788
773.4687835838658
910.5686788153118
512.9928803412511
430.09910329011984
986.5613010960132
1039.0469870521354
1053.5992387686647
700.5011598781746
922.3218280558973
924.1374239769401
385.87709749381384
960.1555813078487
334.37498814362135
698.5117522095618
1097.5866413918352
272.9645368984966
835.4704598261727
592.4037407890737
355.3829096855254
955.634601178709
1056.9944388028282
469.19467979136635
177.81301624281565
552.9543614529318
701.2013292299263
460.3918877597654
590.3678813737762
487.8584400932893
899.6483882870817
631.3049311972864
590.2309207278238
554.3996763919986
921.1986101700282
246.4199307268047
306.37464114619064
1012.5706595435735
809.0903793121897
997.417626720881
604.9133947760081
290.98682359797635
968.9548435304796
506.97569902695807
660.1287126619454
206.76340364093937
1078.2950012733847
527.9419392031352
688.3410978761499
171.48875309710655
942.8230456339905
520.1596070280543
124.81038124220858
1068.0168945200833
1086.185902381763
706.1715882053842
1013.1040758251132
354.8725864204947
926.990815383482
282.225822050122
271.88159145117976
483.38238326898056
370.67665298929
192.44917288692722
805.7992288979757
897.215725940996
523.6583844466973
761.7525630724979
135.24942607747283
724.8397291433179
1023.3060188940118
526.9754874747629
333.904944305259
772.4627874930907
169.70133667318467
805.9731826164683
583.547079900936
578.3611113746638
643.7487005029261
900.7951606532679
582.4139869989333
1099.0538342675413
101.09960582670898
343.7991663776505
376.3139755121948
1063.6117259558507
342.48261235641354
264.48977021183305
921.0058509222921
154.45546658152523
1078.4136342845459
780.0662187099343
829.8558675147921
951.3192026808332
529.8943921910296
294.1096774207294
312.54007454730436
1009.6261172339588
236.58929433613844
725.5347249973876
268.5664408161748
535.3423936568174
480.10411718701556
983.8760230458599
863.6514769253841
865.4465482531662
672.3726558982409
457.17590057697555
687.4916144158543
366.4714995339293
907.790268376813
885.1838687023542
768.228825545761
423.1469956041569
632.6158073982637
753.2748799955928
301.91770621970096
904.9900878126624
1046.2967925788716
261.43787330359083
944.5578400733282
870.7621439271758
416.7550446109403
997.881840197423
909.764901256696
299.0307087040576
965.3028632487803
678.2518384828968
916.910184821186
317.6451469067962
356.74282046454175
699.1425827884789
242.56697766142946
745.7552365975595
116.33703314981716
798.5430582590933
742.3595253931084
759.0720467065695
487.7142863140266
816.039795634206
730.8187551504049
142.39112852144
344.41676021455874
402.0532911108711
1033.6057137552825
902.967726112119
772.6702125781197
538.076083660877
359.4726450385367
984.154854310605
854.0948877409372
898.8268352457533
378.588676361451
440.7845903554958
994.4570968859668
412.4302945904636
539.3650736199045
716.093831427704
868.1937995240646
856.1776816908196
707.6730472390662
594.5656561560693
678.3260017611996
963.1181624244903
170.35456774107973
995.8781564052669
967.5090620352073
308.6765761682372
409.1848449890995
1022.2225669479362
658.351131154732
196.68857833971566
321.9524606556115
574.5730113693629
349.76349031607333
870.6893012810995
244.08149637743938
413.0604427971185
150.98968040354535
638.9868172849522
207.22743329327335
752.4236262083808
496.092890906247
920.9976134696473
360.53636390949043
355.5805533651114
449.0638869703927
797.5158287761948
375.76534822155975
616.6834885829074
983.3448431550271
379.0338258884065
959.21902791184
309.59191030876843
599.4467941899404
193.92700213575355
301.46547967433025
518.5171980525627
430.4717349826031
842.2604642137378
410.0527710852502
764.6634454759173
677.732841640793
361.17152212314375
790.9543212536006
496.0095729371855
817.2992430784701
104.22614299452317
871.2302254801984
916.9474466035995
523.1746230055626
449.84367304936194
888.3984844613152
600.3116238772645
663.9516002618858
322.82906720374433
711.2686373098031
446.40620745097294
1047.1669175878515
338.247184970562
202.49762379794248
331.95521877784375
809.2148027393698
358.3191948449688
284.8858511123905
226.47239271041366
478.55935870004885
390.71612161378937
831.4388941341423
644.3673436734418
776.1190180276606
1050.5704578209181
863.4785059314438
1048.1749628701496
159.0790909599722
258.7212769709182
311.5940325545424
221.6153297128003
963.0216815532577
455.15432278729196
770.9833736618334
690.7616436596988
752.1443252248346
369.29354296054606
265.74033941187605
987.4143307806056
148.47205840922564
307.74569431825375
1025.9032502736836
920.8491519520982
978.3503890697301
995.2953864573452
676.5869264619948
1052.4282654928122
1048.1389892483844
236.39277738287691
1040.2788441528392
252.13261723960636
240.90945721060254
1052.071771428754
961.3872758500156
556.8953516205169
912.0827681569191
491.1818642060535
176.3874538710937
547.6851795888717
754.3249562818578
1015.0116868302508
273.41958957682203
115.60979685629837
400.6526107172115
210.82838684168462
211.95015529662578
796.879344753282
1039.5822381505195
602.5514744380621
706.1159806667596
822.2904387018484
227.29072715915046
495.7255358077788
1014.6283127095494
648.9610847990612
899.1365534299914
119.15155685479974
325.62181430239235
1020.3681134576443
306.52452586395054
806.9815998467647
976.5912455917306
535.3079445478716
234.97962880268244
602.7772904803059
207.56667483025385
297.2225396429077
395.4279397679942
460.9773793147071
1009.9355304796509
462.4026413813812
323.0661554860411
171.41559583726198
903.8276932087546
408.9002350562798
466.83328917201754
238.97473140518534
153.73789620934045
807.5531579402361
407.3813806925444
213.15849982577342
1015.0670907817876
1092.344573180423
302.57490447115265
381.30794988881235
1093.522601724093
699.3906140972217
726.9309529559961
314.38472820642585
794.8246813997775
972.1695055915603
1045.0456764419878
485.6884340771224
143.92451716650748
815.1763871236295
338.9345931542914
1070.5707883598277
960.947031309521
1019.0076015917459
695.3479438666747
1079.1549084853532
495.3293860214352
676.9492970420362
351.5044217260347
174.26268807271754
140.13399648281978
266.46452032074376
796.3197594703695
883.1994467371724
775.2723176680236
778.54470606412
429.0895362629106
424.7393802213623
621.3844336628067
743.7102461903443
788.717936501462
1041.6013451190388
225.37583164524213
125.5162075456954
683.9678115362275
553.8996527970287
344.12205066712266
830.7391358427707
778.8390882942299
830.4995985161469
1044.6086892535993
1019.9914180814573
317.0665682935951
1012.9031741646462
296.7825142240095
493.32945765329055
705.859966285824
620.2354057394534
699.6469157538185
172.49322617445284
621.392777410353
114.09724163608972
751.643429080992
104.73391318514072
147.17816726619304
108.49606047276885
253.11783900325148
472.7575417161989
211.35460219390404
172.76048714158202
1011.6781800023409
811.1324698173947
250.03464199272153
1094.2911705616684
1010.5090171773761
1001.578817756068
591.2552807016947
543.1946335952297
595.2148555142202
647.8785543696242
527.6992026080613
312.2928077423661
1036.5226504491552
115.7148283801234
426.24050267048676
693.6957420027067
1034.1817889060935
863.5699890980452
508.50025982725236
1097.0706869945016
341.657341823024
687.8815643960903
128.98081190888325
714.9360205553581
711.7205553676828
158.97587634919864
475.9800394866789
896.7534188224346
789.7978690515104
833.8698573045127
625.3699577827549
906.2875836046727
414.94808742992296
797.8507163883042
788.4565466738593
905.6475073437066
1027.5947508748663
708.8148689242694
412.5207787995936
334.61929881662365
528.6488146444334
796.6668678307891
516.2734748765504
335.3449959282311
986.4144408750681
204.6494834577869
272.33948976737634
510.09813275156716
1045.6783779112397
650.2969555690999
385.01944012887594
1093.851157595389
757.6417012165688
630.77314914606
253.96011199615788
573.5259916081668
819.8598318398455
300.6769407425231
262.9976258342487
892.2634820898809
892.1151609285093
709.9673925633316
788.3197466546212
639.743608938066
737.1539973121002
305.48167370896306
681.2272256933767
1048.5330960731915
424.4775439455505
471.58894920451246
1048.1563189910962
191.63246961919336
730.8847360709289
413.8436520169826
124.25776296654513
507.8400993195148
173.22159391377258
874.0721282959671
916.7100374236582
669.2461058275879
816.8009510644014
1006.1466776771829
1080.0778448618144
849.1137670884808
117.21305431893249
238.77152684609672
178.4094874036615
648.6022534845297
573.7559428081767
104.92542630387493
1087.3991993103295
297.22912391527603
899.4721109231398
827.1761669739651
794.8241181473796
254.66660142183198
745.785962748702
913.9021083360553
268.5975901732852
1010.411010353851
758.9941409771772
143.52665582013594
379.1638111721083
703.0598974135632
891.3687652535556
1092.1917042952161
1086.5915997027696
162.37687224232403
441.3914220636877
794.866285615773
232.60729618198474
115.01932958157226
255.64361923170412
220.70700644306777
313.94082214697005
588.7496696977574
889.1368760064523
990.5575912577888
555.7402448009108
1000.1457312562452
291.3741100012846
167.7943154973517
452.4443753655795
1017.2719491449018
762.1910760178863
1013.2953202189927
698.3846512356397
1051.467356436514
504.4347677245873
311.1315686612071
1091.5212370929753
151.3524830366624
1089.7937787844928
243.64742899857518
561.1003974216401
147.35215391015612
549.6027412691428
822.9199338887825
943.6535138806936
126.4767217365619
604.2013959269178
570.1549789854885
511.6405595807334
704.7992499255035
752.4362765209046
475.4000133432055
545.1740524992216
109.01215674714784
557.1512865547338
267.0225235883226
429.64162941459887
778.6410533855366
483.0204207963094
673.7240560480518
860.6794198742407
1056.940085623778
1069.834635529883
671.4299712629436
742.8295884649536
551.1873416559939
1057.362002951848
673.2153301390059
279.3497283925716
912.0447809001867
317.15856819091096
242.49735982930102
568.0236570650156
106.8424205835107
1092.2145865094099
188.0460174639537
741.4563103012114
743.0914714088759
1097.0793481083094
833.9335490604138
320.21841054389347
636.2268136729604
489.11491640481756
848.3648181910995
983.3387999911009
609.5244139942187
585.7874501841254
262.40051280409983
403.0260021521275
464.33438775549934
473.4121154713508
212.9053823041911
139.13256083378536
165.21605421938358
329.52599058771017
503.6239768501394
843.7591928206067
547.2564669540379
364.0705924721362
294.1071207228919
187.52793340622256
271.79896384690244
773.8237454250202
1098.2819720447271
986.4370538809521
332.00426696072975
1000.0284467844269
802.7794160698382
981.8424876410587
141.11126312134573
880.9238745548935
599.7025480538043
605.9940801125009
123.96035951759568
998.8919217677103
569.340435645132
851.6873608568565
776.2873273926378
636.1897836153889
145.40164358241782
1056.974214165526
356.49114731538714
273.7478781831848
848.6620807198652
1014.5093037898503
731.0245382625395
494.2692332230324
484.49270862898834
319.9910189147284
407.2509623442574
483.8749961587394
465.5519692356289
285.2893452183575
456.5577223306372
1065.7980762539942
1042.9990820322132
1059.235223121157
855.7094773387004
345.13514807575075
1007.9040083733378
822.6793918276194
755.8722835915281
595.4246353124894
859.1004591191651
1054.3107950002027
326.43340842877734
975.8263586769881
524.5486254416786
899.8582028974216
114.68733728341165
1031.9363769669144
470.3446240756671
619.680955338337
312.65396767209063
703.7782359784004
434.8338782723906
938.3877509864616
928.7401716147428
741.2696340886858
1084.8559681120205
875.0052922068253
624.6510808314287
1010.4714755485863
606.9689978604205
293.3513262394291
896.903173805805
