860.6069509276775
235.85150240474775
663.3441990294712
491.20530214820735
226.8247895601804
214.15691444396592
683.802329053887
416.9140991672741
1098.3727307271402
480.03509506351105
450.7454735488523
683.3887397345559
745.5960144079424
423.7720830586902
156.2551216324577
782.7025505356496
978.1716075472209
150.87481282582763
686.9688198838645
439.0786917153792
509.67048103935434
228.74354325214742
193.584014956712
524.0543596735981
557.8162503385315
562.7550535702236
539.9937934307353
190.91493985493605
798.6337938804901
390.3123642430134
133.55015902850167
713.5355542955297
567.097208509033
194.89379770128525
552.9889126394557
1093.8700933429532
502.5494181932895
936.8599713395012
336.8398538575692
362.67822532229013
674.0803024418125
373.7547342164954
272.6848475915633
639.6836315392013
589.2142231009456
400.0618411481453
536.4152494222287
442.20697401256797
388.6718838127339
274.85640276219516
1070.6795716841998
435.41990630730635
960.6352572787699
325.5161306979579
663.0007129316514
802.7171197287961
669.8588004039093
216.63446785925737
286.58217421197975
681.3054797169319
890.1340201744277
155.50376830512192
400.61042310510686
655.9606047728827
553.0284584216072
469.0136326345423
1071.901036985696
133.0028604499829
481.4843165327931
831.5360310891958
976.0238575947258
526.8964007197368
363.77607778486544
1049.3450772707242
563.5829908230093
583.4763648672578
841.4901880573133
714.3461742188993
936.1151281479061
836.6609429019908
334.6047494602599
228.36602636810457
266.10968404137395
149.60650296952062
907.4098833232645
668.9808611269727
916.9428817899944
526.6155688372402
690.9250550329734
718.8375166955158
771.0571901924752
898.7092187064535
120.63239702769116
412.6482354436616
658.5062979402699
383.62656920758667
522.7599991506436
769.5165150385183
193.0253032352698
600.1160793936542
388.01265145011723
472.97833173425335
769.0742052156663
976.7346111159727
1008.5619479749118
637.1188972062469
950.8427485525834
636.9718405486861
1022.2716053396645
354.35259873499405
992.9928701870018
365.36947750521443
807.5475850474703
158.9293708498826
772.9544972380315
363.40551815925164
602.8675642683415
759.9582694257147
985.8794296880878
989.2665322869367
686.95706361547
398.71456258146713
1055.8973897064793
442.23117862765486
948.7449553143979
967.2242249736237
851.1064220849393
400.24098172618716
700.6439554189545
588.5955681128695
954.7704870228023
948.3348540761099
644.3667879614394
704.2944519650467
941.4843369513922
745.9764086841573
485.4018248078911
839.5364317727827
834.606318749264
272.90371130067274
810.436982120817
125.19528547415129
680.0480781426077
165.9836428142071
491.43388663043487
343.1042506245338
961.5490955289805
113.65369579383824
1060.7190310321425
731.3527534522761
403.85371582038346
509.8863464560732
213.37215045470495
1037.1578389291594
562.7465096912078
1086.212129300868
836.356919179121
337.116386350257
484.6917129943961
1038.189535785652
738.2518762663544
958.120581121306
633.8609611279219
741.8111172514409
559.1049790423956
426.94542747775677
230.62286057226302
1015.687022084462
176.84806457918015
752.4942674813791
123.10688388148962
1026.4483562904052
294.8723907597516
501.9140836834757
322.2433523517077
357.66471539249767
794.7798582551196
1070.2696822325247
370.72000324232494
466.67159312998734
868.98915007641
263.1917444096666
787.5849880785574
739.0551272080676
909.789437409847
812.8905966848415
932.7650721364533
617.1426469444096
624.5992757109827
730.1545628356735
769.5568987509535
826.7000666523902
871.6012325462541
458.4270489141177
168.1882071745248
555.1375371019145
265.58786545298085
640.7847667481723
589.8350877673089
544.8773808526038
690.7681788530579
936.6145104434181
218.0201570753594
457.13905313823415
475.44789877732035
732.0136085650933
863.1059511303928
534.2481900685805
132.9109336683675
776.4149629758572
255.63658658266522
542.6776456648399
253.493492149262
747.6645829212267
665.5699883486925
214.38062477939226
344.75644476932894
498.7561056672656
136.98187995136436
920.5771613805208
159.82534834303954
271.6528733965521
1011.6120982154296
110.00671642049389
328.3820075545136
477.1053045829569
829.6624353634571
122.76178516736094
910.455038892386
734.0975301354248
142.544604051155
351.1681882171531
830.0713105388804
738.5338566267893
249.81593199812158
360.7799599310311
1013.9941813711783
188.00228778359664
381.32926102927036
507.4078350580943
460.1882868530102
427.9286340721439
385.6627571828131
790.2021314541996
391.3148451486066
704.1617862615233
557.184546632591
166.16246982288175
110.47556173908714
908.0067043347592
836.6456506669673
318.0480665712362
169.58731437231148
481.94881322829286
253.9844198050725
915.513923941338
985.1832913835842
717.7894770269784
147.06411852352133
738.4003758661772
1092.1016386814463
1023.6393531063705
386.3548572973984
641.4539529386493
812.4348329018369
862.1925764303819
563.1097407750821
231.36017546664092
235.27909295252448
969.9314116987806
857.3744496280979
299.81976571245275
1052.2355251022027
155.38774555719672
1092.2084707645386
510.50139247579045
974.2797903154957
444.31397658582796
301.78510438856955
573.0561549554285
167.53080377815502
590.5928830799128
993.5765048523659
153.97974547258121
388.61278580974783
1003.9422536963336
168.6194149851629
1071.9605376877585
274.7198193972961
958.9466459593644
1078.8955745912554
904.4529269741333
549.154862763413
544.6756072957113
647.1506605903069
992.5671291821327
740.0308926943493
190.12362219315952
452.01421760857886
972.9678926305925
377.98419770464614
757.9342171259904
190.0719134394502
388.3265368939263
538.1651175981478
137.34666297690904
566.5812742280925
631.9717914969045
1022.4353268562506
987.0309469953362
637.8102713998686
467.7370498332906
439.6140968223875
779.4523563483962
730.517607267843
632.6026433175409
934.7814535601268
580.6345503108846
197.88277390448684
577.5837982330697
343.05846972745326
1062.665866528689
436.232478310197
231.4160960029227
1098.9505718369833
1091.0203417739888
783.1998329122601
781.9420962021956
319.2530166174098
854.7417245273634
145.49086845359972
861.7043319806817
1095.6813336690786
914.7649450194367
463.2229530550966
197.10116457020888
182.80508103585095
734.126384443909
407.83791607166324
734.5637918766296
947.5253065747828
223.54082073464411
1031.882431071835
492.564554063141
658.2521314776027
586.7990937795807
441.48666273164054
904.8673148219964
935.1015118098285
282.66760972347083
946.1617565351969
218.28348836814763
456.84494330965344
233.4472423690566
555.575525667049
587.2976246121323
826.0098525111373
505.0754813606099
139.2546945448682
868.2792460614515
830.4425426932711
559.6324029700377
1042.7015463954644
757.5979025742628
207.8092550628603
838.3378869796429
462.201273203731
840.8111809365962
418.92541565242414
871.6033845823446
420.63584132683343
324.1960410933657
866.4671255499456
332.42903530058067
757.9092451462667
705.2461197279571
457.5326844962087
450.4124146770974
152.12750511899765
405.3585347205979
401.6863096573156
985.862900844119
821.4669106600261
435.78593793218846
660.5302539293009
526.9909576720474
221.7018636345578
497.0305655604361
520.5155245806172
217.86973063893757
750.6536407011868
522.209104876617
347.6153980901373
150.84105486565193
198.35994565396177
566.5182324103789
700.6500548036598
564.2664950908229
440.5545312374785
117.78273796693941
629.464753597939
674.9988347269887
663.0848690332637
357.16938349182783
164.8282556254032
444.677374979815
226.18528135033714
634.5012925393605
718.8313463104755
829.9260862046841
130.06167518531666
439.2092779174759
357.7308723584535
1098.7605590908026
927.0334657592465
445.8081217757264
683.5973113998792
608.9863874897592
840.5167769594207
791.8871408530497
366.7887861371534
1039.0977350164128
797.4227635867062
606.95629387711
208.18847834079094
438.1620032705305
1058.0833079290292
952.0901876960224
978.3058291787727
618.4023911754255
136.6059787506584
753.1646550852427
179.7569514269232
352.66757352789483
744.5985903166013
1014.5810108657887
310.30272002014397
558.7031412222034
562.4934659568758
585.7258312210538
165.53796916903232
153.1172315922297
745.2399425099763
1019.0148672750164
213.48851570408834
540.1584794630155
202.9229988438193
606.221716745458
1097.7874488618677
763.9011223561715
861.9051551580663
508.89296124234363
881.7657133943627
197.159200806483
308.3773440751803
1009.0036581017129
732.706253803929
266.4275336814103
443.74389405314787
297.6080448492963
363.6752568324416
119.37445427977059
1040.0559579122255
892.0924854637137
699.7574926000527
329.8872004896324
373.746112918388
726.738437952177
916.1877812805424
705.3981032220092
437.20686789548495
196.65568160593563
207.78332761491316
1012.195614596136
580.2939205724003
951.7469910174758
392.24737471594796
966.6512941313467
817.6249997057064
1035.2171474931952
724.3270879173995
153.77004133728414
452.58312715049857
1040.2409961340068
103.47382384258643
629.1977806172421
115.22343651671166
318.75632431471877
194.56739475195042
836.797053698579
788.8205338748317
917.9494278092878
849.4300175656936
131.12785228033556
908.5834462269854
842.8525115402975
616.270266240164
632.6471434334894
156.1034667245509
447.57358595859534
1054.8604094402922
363.1676310383484
144.3899352459831
243.0311481736013
1037.1656038749582
610.092510452458
790.8876110476126
175.66775366220813
206.3069360678327
250.1695027639577
809.6583802888282
479.4676658124315
291.1541392693087
326.98438880654646
418.9495655089799
532.7056813289508
1029.5087176348218
521.1402902909066
1056.6594572711292
761.2057477462074
1039.751266073583
278.04603289688527
623.7502394720514
521.4894427863278
1098.991587390497
265.4631517211336
534.4476795279061
1070.0459528777578
935.1739770845268
521.4377147838047
642.1052514377617
179.05691451961195
821.2538880160814
122.96974303395594
930.9003762070695
694.2608606968776
971.4770110849554
456.7498487762355
716.0689071235973
347.2437902808276
982.9546487379033
205.51850227022032
979.1730771922787
432.2933591943916
340.14470510869126
977.0808102420929
379.9377136412943
537.0569261823769
305.5105140816883
1097.7357209523257
432.4777024608474
376.59377745877254
356.5445300099292
467.8551699394572
311.27974758514404
922.014757132895
697.5075753732118
534.5754015740627
761.0896743855917
437.75284992250266
273.6487081740188
375.03918648075177
624.896183666959
745.611348762085
146.33437902507296
603.3541868415672
575.4905222496377
1019.0859234275811
1049.430286129623
315.40934528495393
738.6212346544007
678.0602652763718
440.44247878161383
567.9176798742913
1029.5515982941852
501.8252972198233
384.33960641382237
951.5304364527517
189.86663788536686
907.4742436974212
163.6405302902634
662.594284585103
707.6659290536636
451.07674034070067
595.2676632088342
104.09935480045509
1031.8170508738508
1000.6375776316827
652.8283771277166
453.59305681177113
749.7338436500136
702.6963091165676
142.40259157571955
824.3108239149295
688.1826775444824
818.526523020163
860.577476826516
615.5014197474597
217.90896321628065
741.243889193634
875.3852905160098
398.901398828716
395.4151225327174
1021.7349791938834
313.9634678299349
220.53942050700928
959.0105880020219
1029.169592269112
315.1708543697188
510.5279715293455
611.292921747752
950.9608396406089
611.0577549119512
888.2265229376559
466.50895457200363
197.3894692197955
538.0015967138354
1026.1368284282084
1018.7830372077731
917.7097815205675
146.48380223150116
393.1172186301973
495.9894518047578
257.4064090081838
477.89827421453737
135.97996829072582
1004.0843694638525
190.37264084538532
1007.4447209851625
578.2617567130599
438.002081837957
245.13284152959704
714.0756298733468
815.9343050700895
737.7596575784775
210.8324494539601
231.62825060938388
672.0482520335328
702.2023664258877
956.571359649556
1059.6883788327318
835.7806504108304
237.86217015231682
826.7575116675009
868.3955044295759
356.0823009452726
616.6901562193325
685.5093645048147
518.3141808644664
786.0981971220332
1043.9629687693478
574.7370065393852
534.6595414542785
181.7605803731779
596.4523124651436
123.38433360505287
424.5795513428996
846.4310929126503
380.98566144400263
299.41471127110054
406.86027677274797
183.1944327148705
584.8156664817556
831.4755550383
835.3350834630943
267.3832354706649
941.7541964724635
643.7778756023054
840.4417102977958
784.1398302934956
1021.8165616840454
945.5788602618692
487.7864475960464
789.297423693143
667.160517414215
195.75693960382324
1058.2378596523488
346.58992308675056
843.393078039981
1023.3204893545195
890.9868327357863
470.1754655354994
152.8581138937213
326.29262549270646
599.1737420200134
958.6865261939564
265.30620647956783
194.26646474942868
367.0978100206386
645.4948780981177
561.3873576257674
1004.026505680115
468.68738097618325
309.6065943038854
355.6964084146583
1022.9834359603432
108.82432053634142
992.5793243110336
168.63975358967267
121.77131690082557
182.2794438902892
749.0800172734187
650.1816267244584
745.2075575850039
569.4302830955644
922.1780120528878
923.5663177530847
119.91753241705096
143.59635925586346
879.1951789605195
313.40298219962006
787.2776387696929
751.7410531927487
769.9111479107945
650.0372187211451
941.9318586483545
1048.4536163965658
276.14821854082186
600.924586878204
728.9883739103614
212.53875944222958
510.2372749143609
769.7582150866953
607.1046227057578
256.2049553438096
189.59241409958162
625.3934921995626
120.02060057934185
848.757322393272
965.5987445348937
675.1507501858364
935.7017097312449
319.8643952032954
317.24400770789816
680.8663300692975
810.104208188588
781.8826679399189
733.4018153847029
131.1015862117975
211.67762163998907
116.38650333228875
1002.4004074872153
629.2083741887011
703.0703379046408
906.9649774721828
303.4873532360566
334.4881762897526
818.1058451577294
268.5119654036563
452.0275850599096
102.4720193260882
1094.9489518116825
922.6488669660957
1088.748513035989
510.38640897418344
130.48266116636665
799.5841939546223
823.0721941080423
525.1602047177537
1006.268031858265
908.6280465865011
341.551757516124
173.86646928600805
203.06088872401043
212.74338729574984
274.6552954933079
210.28145890099415
168.7108218602014
766.930420055326
178.6172130941061
436.283607213269
1033.3695095080325
435.9042457646878
333.8035946398667
1033.1026658616393
576.2869633132743
1093.4399890947097
187.01475491870625
984.9695503420181
440.0756585967769
323.92376465076524
172.37448803722557
436.50587962123757
761.174392773668
296.0619468808149
333.93226133944813
615.2311950789986
839.3451434053212
659.3650500046548
642.8313088525954
771.855413806217
204.3875758882925
1025.936930936926
152.87176655114865
443.5625590019231
454.8577308217766
843.2636735167348
170.52482264072836
229.2812874550038
541.4288340741994
238.11099076501898
428.93039127847436
180.97647233675588
746.633491019393
717.3027287452089
850.1373258877603
861.2855888815445
473.0788083158372
448.0672629961442
855.8217578991655
1095.3620879553423
1093.8264603426996
208.80272489800302
343.94567404854416
453.5777717959949
541.4823615939266
1000.5257528966168
387.2945836065153
541.7745016282827
1016.6416509726259
739.932875330267
429.55937574716165
247.04518473069294
181.6859271618008
416.9174757806772
255.6043889777532
189.56279289439107
472.53213915540795
592.5495369818959
294.78995314023086
764.7651832483117
708.7830884707307
137.93906659396995
879.6945610635034
325.2427559298924
1011.8319691275852
670.0686335883748
927.3079658830144
247.96490991346988
150.82412228860034
227.59426768070114
135.7434459724487
860.0203402060583
827.9814480597014
347.77782633994525
196.74395085201382
454.8351436587599
1087.6459406361596
855.1285445598487
712.733121470501
920.8723161875921
987.500859723653
352.99492954627203
476.88929508444215
826.1043109770521
905.7788559892183
621.2628299413557
525.6965171180295
154.09041682846305
374.86913495339894
866.4788192693433
905.6536442655475
271.2791276262612
129.58598697281968
1045.1330704907757
409.29901675218565
120.19491132395535
137.46342464758933
286.4989674033358
630.4347077619913
1079.4579111243675
738.7921238765254
778.341420111106
564.4107861547841
409.1241971517593
665.7159867239553
346.9699013182436
636.5571295874738
708.6229209621717
632.5578190627906
362.5255679857632
480.3260128668404
354.60647861957875
393.64463824782115
531.0569972174806
1006.4362490459109
457.3179232737697
650.2551416179472
596.8522910205968
305.28538294661115
476.6198422805984
954.9129680777469
971.6594975443255
707.1233831854533
272.61731454047856
809.1014499136414
831.8418008852831
887.9580933909491
1030.846924094159
479.57658360240066
280.17739155541824
253.88855166619499
198.2929191118207
668.8071818439917
755.928625114705
962.5395685546245
294.03045634123987
1066.6716986703796
994.9682207595259
847.4971793173179
217.08495158148622
983.3942026708238
491.16571913053156
200.12106752871475
464.1360456342867
717.8020904179201
590.8998895462485
832.8368534487126
490.9830129327201
1050.3407027916708
1064.4779435243731
1098.987611583038
304.228149656025
266.8811120758244
241.4062505080349
576.5503657190161
253.4236636451206
417.2090438018629
570.8708807564105
936.5003068750212
908.9658647371132
1091.184454184418
774.4510306901195
111.33145090123122
857.3109567673562
855.9127612322329
595.0017291078993
255.21951388171996
222.6244397532106
638.8704232542532
513.8069800304593
144.53928098452008
732.7656918368225
764.779010575053
707.5181064804185
605.9247971963516
187.5490017914482
1058.1235867635637
947.0560391922801
278.7881642062357
258.5099738164256
408.5626128256616
102.5711666041377
520.1882934105722
651.9467294418413
463.0783225621873
411.7169833682171
542.1685000022032
800.7935010311859
656.5680383064661
692.9094488438375
935.1574381744387
415.92348977705285
621.6783078374784
240.90680864523662
575.7553277106085
423.7672647545937
129.0355818583231
228.95927556909203
543.2033548791612
1044.6714207452078
100.62838885437732
1059.9420120355203
1076.0608105901451
1025.2116283197984
911.9478968026285
258.2984684546352
789.0914793539381
327.7137060071668
152.5948889769008
175.28608391656067
340.08676201978386
901.5242672398839
250.41320781434774
991.9292200290627
487.3300897226266
513.112733370313
880.8107738314795
247.24946084320067
1010.6334585832633
995.8749456628924
880.7814520657021
393.75661616640633
282.3534871748962
695.5476975857492
466.2418577792772
687.8481159138307
369.521182181795
333.4328416138496
911.6496017255164
